data(1,1:100)=TrueLimefalse1(1,1:100);
data(2,1:100)=0;
data(1,101:200)=TrueLimeTrue1(1,1:100);
data(2,101:200)=1;